1	1	1	1	1	1	1	1	26.3693839477062
1	1	1	1	1	1	2	1	25.853122231148
1	2	1	1	1	1	3	1	25.1733292013434
1	2	1	1	1	1	4	1	24.9190624895132
1	3	1	1	1	1	5	1	25.5358019773686
1	3	1	1	1	1	6	1	27.5563512489238
1	4	1	1	1	1	7	1	22.4279077631104
1	4	1	1	1	1	8	1	26.6309435139638
1	5	1	1	1	1	9	1	22.2606360728422
1	5	1	1	1	1	10	1	22.0018030515883
1	6	1	1	1	1	11	1	23.6999813837199
1	6	1	1	1	1	12	1	23.0278129695369
1	7	1	1	1	1	13	1	21.3343470177714
1	7	1	1	1	1	14	1	22.0631167413528
1	8	1	1	1	1	15	1	22.222327554108
1	8	1	1	1	1	16	1	20.6946734208296
1	9	1	1	1	1	17	1	21.4756692452012
1	9	1	1	1	1	18	1	21.4095560149201
1	10	1	1	1	1	19	1	22.8645171694475
1	10	1	1	1	1	20	1	23.6131727611648
1	11	1	1	1	1	21	1	21.7500120096421
1	11	1	1	1	1	22	1	22.5187941988712
1	12	1	1	1	1	23	1	22.0111504829653
1	12	1	1	1	1	24	1	22.9292151814313
1	13	1	1	1	1	25	1	24.798604290598
1	13	1	1	1	1	26	1	24.3521730194889
1	14	1	1	1	1	27	1	24.5017274067413
1	14	1	1	1	1	28	1	23.3564705036982
1	15	1	1	1	1	29	1	27.8683289560783
1	15	1	1	1	1	30	1	27.2028334874519
1	16	1	1	1	1	31	1	31.9754061787358
1	16	1	1	1	1	32	1	34.7843508656087
1	1	1	1	1	1	1	2	20.8915297410334
1	1	1	1	1	1	2	2	20.0171851379374
1	2	1	1	1	1	3	2	19.2719681011662
1	2	1	1	1	1	4	2	21.2766554926898
1	3	1	1	1	1	5	2	21.4476931868275
1	3	1	1	1	1	6	2	24.1932494898767
1	4	1	1	1	1	7	2	16.8953137091751
1	4	1	1	1	1	8	2	20.4468301031662
1	5	1	1	1	1	9	2	21.3385236263445
1	5	1	1	1	1	10	2	22.4230506435523
1	6	1	1	1	1	11	2	19.406105525487
1	6	1	1	1	1	12	2	17.8280684717743
1	7	1	1	1	1	13	2	18.5873122768272
1	7	1	1	1	1	14	2	17.1588558441312
1	8	1	1	1	1	15	2	17.1454501198608
1	8	1	1	1	1	16	2	16.4512640164205
1	9	1	1	1	1	17	2	17.2368955476822
1	9	1	1	1	1	18	2	16.7263786327612
1	10	1	1	1	1	19	2	18.3420357863932
1	10	1	1	1	1	20	2	19.4948620283615
1	11	1	1	1	1	21	2	21.8513125245733
1	11	1	1	1	1	22	2	21.5200571478769
1	12	1	1	1	1	23	2	21.8173584575948
1	12	1	1	1	1	24	2	20.8327071573728
1	13	1	1	1	1	25	2	24.5540818931236
1	13	1	1	1	1	26	2	21.5197447537709
1	14	1	1	1	1	27	2	24.23041360768
1	14	1	1	1	1	28	2	22.5823620070249
1	15	1	1	1	1	29	2	22.1734108082529
1	15	1	1	1	1	30	2	24.6734914420375
1	16	1	1	1	1	31	2	24.3595727162574
1	16	1	1	1	1	32	2	29.4198855097905
1	33	1	1	1	1	1	3	21.2383724615402
1	33	1	1	1	1	2	3	21.2841964134211
1	34	1	1	1	1	3	3	18.7573216758718
1	34	1	1	1	1	4	3	20.3560427764573
1	35	1	1	1	1	5	3	23.5216515591162
1	35	1	1	1	1	6	3	21.5897253934553
1	36	1	1	1	1	7	3	19.2329998947291
1	36	1	1	1	1	8	3	21.5706025764646
1	37	1	1	1	1	9	3	19.6873408238029
1	37	1	1	1	1	10	3	18.7480788084969
1	38	1	1	1	1	11	3	19.022146037979
1	38	1	1	1	1	12	3	19.958736470423
1	39	1	1	1	1	13	3	17.908661796872
1	39	1	1	1	1	14	3	16.3867633868624
1	40	1	1	1	1	15	3	18.0117062246858
1	40	1	1	1	1	16	3	15.3412208891681
1	41	1	1	1	1	17	3	16.6981376035937
1	41	1	1	1	1	18	3	16.9380199760265
1	42	1	1	1	1	19	3	17.9445788434736
1	42	1	1	1	1	20	3	17.8227790653363
1	43	1	1	1	1	21	3	18.1220406274023
1	43	1	1	1	1	22	3	18.8611219799749
1	44	1	1	1	1	23	3	20.4008596242593
1	44	1	1	1	1	24	3	19.6801937949739
1	45	1	1	1	1	25	3	21.1704079504177
1	45	1	1	1	1	26	3	19.650340750734
1	46	1	1	1	1	27	3	5.69441824465891
1	46	1	1	1	1	28	3	12.2862604373941
1	47	1	1	1	1	29	3	21.9293933694157
1	47	1	1	1	1	30	3	22.5683517380936
1	48	1	1	1	1	31	3	25.8813609669086
1	48	1	1	1	1	32	3	25.7441821737195
1	33	1	1	1	1	1	4	20.2202700674713
1	33	1	1	1	1	2	4	19.3868726964835
1	34	1	1	1	1	3	4	18.4010203559606
1	34	1	1	1	1	4	4	18.2890858782452
1	35	1	1	1	1	5	4	18.9712355792341
1	35	1	1	1	1	6	4	19.0936700306905
1	36	1	1	1	1	7	4	19.0211617188034
1	36	1	1	1	1	8	4	16.4440070676214
1	37	1	1	1	1	9	4	17.7028008972732
1	37	1	1	1	1	10	4	18.4862511980169
1	38	1	1	1	1	11	4	18.0528547838037
1	38	1	1	1	1	12	4	17.564632662669
1	39	1	1	1	1	13	4	16.40362483771
1	39	1	1	1	1	14	4	14.9412928053539
1	40	1	1	1	1	15	4	15.4519338141699
1	40	1	1	1	1	16	4	13.0982906702841
1	41	1	1	1	1	17	4	16.1523713221505
1	41	1	1	1	1	18	4	16.7895638163001
1	42	1	1	1	1	19	4	17.7671572954169
1	42	1	1	1	1	20	4	18.147683693123
1	43	1	1	1	1	21	4	17.4470326934442
1	43	1	1	1	1	22	4	16.9657299995914
1	44	1	1	1	1	23	4	16.8317703203591
1	44	1	1	1	1	24	4	17.8427310040554
1	45	1	1	1	1	25	4	20.8471505569564
1	45	1	1	1	1	26	4	20.3780203660065
1	46	1	1	1	1	27	4	6.554287339771
1	46	1	1	1	1	28	4	8.36353672029203
1	47	1	1	1	1	29	4	22.2666934641792
1	47	1	1	1	1	30	4	22.7076548898434
1	48	1	1	1	1	31	4	26.0494666787363
1	48	1	1	1	1	32	4	25.6362420181721
1	65	1	1	1	1	1	5	19.6237469631461
1	65	1	1	1	1	2	5	20.2628327650811
1	66	1	1	1	1	3	5	5.00519096828128
1	66	1	1	1	1	4	5	10.5465035080269
1	67	1	1	1	1	5	5	19.8281863180819
1	67	1	1	1	1	6	5	19.0796110134422
1	68	1	1	1	1	7	5	17.9774979024983
1	68	1	1	1	1	8	5	16.9532888311813
1	69	1	1	1	1	9	5	16.9262652673875
1	69	1	1	1	1	10	5	17.5938522809543
1	70	1	1	1	1	11	5	17.1316905216577
1	70	1	1	1	1	12	5	15.4974312183446
1	71	1	1	1	1	13	5	15.4125965491624
1	71	1	1	1	1	14	5	13.4172849695165
1	72	1	1	1	1	15	5	14.0028660396814
1	72	1	1	1	1	16	5	13.5979312411214
1	73	1	1	1	1	17	5	15.2765344229972
1	73	1	1	1	1	18	5	16.3322945642246
1	74	1	1	1	1	19	5	16.5263408902937
1	74	1	1	1	1	20	5	16.9930469058827
1	75	1	1	1	1	21	5	17.0529970001434
1	75	1	1	1	1	22	5	17.6009124751008
1	76	1	1	1	1	23	5	16.719349976959
1	76	1	1	1	1	24	5	16.5715740594157
1	77	1	1	1	1	25	5	19.7917593963328
1	77	1	1	1	1	26	5	19.455100368886
1	78	1	1	1	1	27	5	19.0061154908687
1	78	1	1	1	1	28	5	19.1455258227792
1	79	1	1	1	1	29	5	20.4641985210847
1	79	1	1	1	1	30	5	21.6560411476528
1	80	1	1	1	1	31	5	21.8518488728798
1	80	1	1	1	1	32	5	28.0158945529383
1	65	1	1	1	1	1	6	18.0001379736635
1	65	1	1	1	1	2	6	18.43487383007
1	66	1	1	1	1	3	6	9.98965397696422
1	66	1	1	1	1	4	6	5.91243538469035
1	67	1	1	1	1	5	6	17.7679222571112
1	67	1	1	1	1	6	6	16.8029514395132
1	68	1	1	1	1	7	6	17.6124216068876
1	68	1	1	1	1	8	6	17.8025323846834
1	69	1	1	1	1	9	6	15.5989342965147
1	69	1	1	1	1	10	6	16.8753642778612
1	70	1	1	1	1	11	6	15.3222897836564
1	70	1	1	1	1	12	6	13.4569113070932
1	71	1	1	1	1	13	6	15.4201320131765
1	71	1	1	1	1	14	6	14.8150218714746
1	72	1	1	1	1	15	6	13.9532187389405
1	72	1	1	1	1	16	6	13.1149998426781
1	73	1	1	1	1	17	6	12.5085878354405
1	73	1	1	1	1	18	6	14.8199378858166
1	74	1	1	1	1	19	6	15.6706304109653
1	74	1	1	1	1	20	6	16.931830488084
1	75	1	1	1	1	21	6	16.2030052657747
1	75	1	1	1	1	22	6	15.3702820640338
1	76	1	1	1	1	23	6	16.5737663362241
1	76	1	1	1	1	24	6	16.3640851211369
1	77	1	1	1	1	25	6	19.0336835621936
1	77	1	1	1	1	26	6	18.2437940990329
1	78	1	1	1	1	27	6	19.2456056855747
1	78	1	1	1	1	28	6	19.3378471587403
1	79	1	1	1	1	29	6	21.0492795105797
1	79	1	1	1	1	30	6	21.0712158251245
1	80	1	1	1	1	31	6	21.2971222248596
1	80	1	1	1	1	32	6	27.0637453788519
1	97	1	1	1	1	1	7	16.988919258822
1	97	1	1	1	1	2	7	16.8119980892068
1	98	1	1	1	1	3	7	17.1755081264885
1	98	1	1	1	1	4	7	17.5162232332738
1	99	1	1	1	1	5	7	17.1499700203229
1	99	1	1	1	1	6	7	17.3514234368301
1	100	1	1	1	1	7	7	16.6630046083173
1	100	1	1	1	1	8	7	16.9308710361456
1	101	1	1	1	1	9	7	16.3095416648319
1	101	1	1	1	1	10	7	15.429155867905
1	102	1	1	1	1	11	7	15.4305744912283
1	102	1	1	1	1	12	7	48.1348255775459
1	103	1	1	1	1	13	7	13.5905729821453
1	103	1	1	1	1	14	7	12.3075906375484
1	104	1	1	1	1	15	7	4.80005302983741
1	104	1	1	1	1	16	7	6.97400293211603
1	105	1	1	1	1	17	7	15.5971987702878
1	105	1	1	1	1	18	7	13.8495916099159
1	106	1	1	1	1	19	7	16.0330638779777
1	106	1	1	1	1	20	7	15.8371044249891
1	107	1	1	1	1	21	7	16.9517218514806
1	107	1	1	1	1	22	7	16.1419908160998
1	108	1	1	1	1	23	7	15.9628453419826
1	108	1	1	1	1	24	7	16.3281276397288
1	109	1	1	1	1	25	7	18.9652234763931
1	109	1	1	1	1	26	7	18.9667987338597
1	110	1	1	1	1	27	7	19.2654464573443
1	110	1	1	1	1	28	7	19.0801566109789
1	111	1	1	1	1	29	7	19.1275297940874
1	111	1	1	1	1	30	7	19.4880777887798
1	112	1	1	1	1	31	7	21.1611150813318
1	112	1	1	1	1	32	7	27.3276205467824
1	97	1	1	1	1	1	8	16.9072214919852
1	97	1	1	1	1	2	8	17.3992438144901
1	98	1	1	1	1	3	8	16.8167587120919
1	98	1	1	1	1	4	8	16.6129934153095
1	99	1	1	1	1	5	8	16.5209131240843
1	99	1	1	1	1	6	8	17.654490879109
1	100	1	1	1	1	7	8	16.2519478017201
1	100	1	1	1	1	8	8	16.3981766824645
1	101	1	1	1	1	9	8	15.9191020920956
1	101	1	1	1	1	10	8	13.6221522881908
1	102	1	1	1	1	11	8	14.8487788692306
1	102	1	1	1	1	12	8	14.9574544714499
1	103	1	1	1	1	13	8	13.9459641310525
1	103	1	1	1	1	14	8	12.7134935411611
1	104	1	1	1	1	15	8	4.88944997411614
1	104	1	1	1	1	16	8	5.84682859615168
1	105	1	1	1	1	17	8	14.1953241053306
1	105	1	1	1	1	18	8	15.6812829695888
1	106	1	1	1	1	19	8	14.9060267114509
1	106	1	1	1	1	20	8	13.7087288959293
1	107	1	1	1	1	21	8	17.7214879267019
1	107	1	1	1	1	22	8	15.4940132116509
1	108	1	1	1	1	23	8	16.7102806721841
1	108	1	1	1	1	24	8	16.1204663251996
1	109	1	1	1	1	25	8	59.4115151468651
1	109	1	1	1	1	26	8	16.3222953029763
1	110	1	1	1	1	27	8	16.7352189540565
1	110	1	1	1	1	28	8	17.6035657775646
1	111	1	1	1	1	29	8	18.4046513458926
1	111	1	1	1	1	30	8	20.5796137595847
1	112	1	1	1	1	31	8	18.5174276177088
1	112	1	1	1	1	32	8	25.306255276653
1	129	1	1	1	1	1	9	17.0657216480671
1	129	1	1	1	1	2	9	16.9747048141207
1	130	1	1	1	1	3	9	15.1917283422108
1	130	1	1	1	1	4	9	14.7207174306488
1	131	1	1	1	1	5	9	15.0793703556385
1	131	1	1	1	1	6	9	15.0687092363262
1	132	1	1	1	1	7	9	14.2267124308579
1	132	1	1	1	1	8	9	14.713191924962
1	133	1	1	1	1	9	9	14.2601844619184
1	133	1	1	1	1	10	9	13.4406438076375
1	134	1	1	1	1	11	9	13.3028372281465
1	134	1	1	1	1	12	9	13.5299252747731
1	135	1	1	1	1	13	9	13.9611765493026
1	135	1	1	1	1	14	9	11.1784182193668
1	136	1	1	1	1	15	9	11.2398091227696
1	136	1	1	1	1	16	9	11.0969813716003
1	137	1	1	1	1	17	9	12.8755430886835
1	137	1	1	1	1	18	9	13.567247496722
1	138	1	1	1	1	19	9	7.32596740320024
1	138	1	1	1	1	20	9	7.76106822630952
1	139	1	1	1	1	21	9	15.1901283117321
1	139	1	1	1	1	22	9	13.0978197284231
1	140	1	1	1	1	23	9	14.9500645041102
1	140	1	1	1	1	24	9	15.8319568718804
1	141	1	1	1	1	25	9	17.2453256758307
1	141	1	1	1	1	26	9	16.8903174190332
1	142	1	1	1	1	27	9	17.0999803286949
1	142	1	1	1	1	28	9	16.2186491152998
1	143	1	1	1	1	29	9	16.3955818491832
1	143	1	1	1	1	30	9	18.990901359646
1	144	1	1	1	1	31	9	18.4755098978578
1	144	1	1	1	1	32	9	25.3556353642034
1	129	1	1	1	1	1	10	16.1027851743774
1	129	1	1	1	1	2	10	16.0607113982127
1	130	1	1	1	1	3	10	16.5485069112702
1	130	1	1	1	1	4	10	15.0247411040234
1	131	1	1	1	1	5	10	16.4041684163816
1	131	1	1	1	1	6	10	17.6159688120808
1	132	1	1	1	1	7	10	14.2421910818448
1	132	1	1	1	1	8	10	13.8984449897691
1	133	1	1	1	1	9	10	12.7420480451998
1	133	1	1	1	1	10	10	13.9424993091492
1	134	1	1	1	1	11	10	14.5341201043832
1	134	1	1	1	1	12	10	12.9394966651157
1	135	1	1	1	1	13	10	13.0479319073281
1	135	1	1	1	1	14	10	11.7190873256778
1	136	1	1	1	1	15	10	12.7928615395115
1	136	1	1	1	1	16	10	12.1321949252519
1	137	1	1	1	1	17	10	12.7734917811575
1	137	1	1	1	1	18	10	12.9017222851938
1	138	1	1	1	1	19	10	8.94069778678847
1	138	1	1	1	1	20	10	8.81818408805266
1	139	1	1	1	1	21	10	15.4770482257461
1	139	1	1	1	1	22	10	13.4416420028978
1	140	1	1	1	1	23	10	12.6111961460404
1	140	1	1	1	1	24	10	15.1224685487856
1	141	1	1	1	1	25	10	17.2552172452247
1	141	1	1	1	1	26	10	16.7549068098597
1	142	1	1	1	1	27	10	15.7780069711879
1	142	1	1	1	1	28	10	15.8975526237822
1	143	1	1	1	1	29	10	16.4532047503064
1	143	1	1	1	1	30	10	17.1142305503211
1	144	1	1	1	1	31	10	18.8539903537254
1	144	1	1	1	1	32	10	24.3733363925001
1	161	1	1	1	1	1	11	16.4839544278886
1	161	1	1	1	1	2	11	57.9363628234474
1	162	1	1	1	1	3	11	16.362759830345
1	162	1	1	1	1	4	11	15.7891355076407
1	163	1	1	1	1	5	11	15.5440091874844
1	163	1	1	1	1	6	11	16.8429951183642
1	164	1	1	1	1	7	11	14.0821982909308
1	164	1	1	1	1	8	11	14.5119427451059
1	165	1	1	1	1	9	11	13.6451602299112
1	165	1	1	1	1	10	11	14.8688886865048
1	166	1	1	1	1	11	11	12.141454113758
1	166	1	1	1	1	12	11	13.0506216255241
1	167	1	1	1	1	13	11	13.0173849468758
1	167	1	1	1	1	14	11	10.8560135120439
1	168	1	1	1	1	15	11	10.9353299513921
1	168	1	1	1	1	16	11	10.6798358726584
1	169	1	1	1	1	17	11	11.9168438845664
1	169	1	1	1	1	18	11	12.6620693665047
1	170	1	1	1	1	19	11	14.0516748993468
1	170	1	1	1	1	20	11	13.4994001709321
1	171	1	1	1	1	21	11	15.2920266391427
1	171	1	1	1	1	22	11	14.4572591967687
1	172	1	1	1	1	23	11	14.6008185271186
1	172	1	1	1	1	24	11	15.8716391513405
1	173	1	1	1	1	25	11	16.2280458959542
1	173	1	1	1	1	26	11	16.7640958781112
1	174	1	1	1	1	27	11	16.8275897736864
1	174	1	1	1	1	28	11	16.7466040784584
1	175	1	1	1	1	29	11	16.9811710670442
1	175	1	1	1	1	30	11	17.1920249082893
1	176	1	1	1	1	31	11	17.9508080437311
1	176	1	1	1	1	32	11	26.078102610225
1	161	1	1	1	1	1	12	53.4447979021439
1	161	1	1	1	1	2	12	15.5538202044789
1	162	1	1	1	1	3	12	15.138036179937
1	162	1	1	1	1	4	12	15.3990024552739
1	163	1	1	1	1	5	12	15.0579798927233
1	163	1	1	1	1	6	12	16.5470417995118
1	164	1	1	1	1	7	12	15.5242838941952
1	164	1	1	1	1	8	12	13.4764126510104
1	165	1	1	1	1	9	12	13.949148725386
1	165	1	1	1	1	10	12	12.9094822262073
1	166	1	1	1	1	11	12	14.9809540975795
1	166	1	1	1	1	12	12	13.0770611367746
1	167	1	1	1	1	13	12	12.6848350366485
1	167	1	1	1	1	14	12	10.7657513405423
1	168	1	1	1	1	15	12	10.7609746200926
1	168	1	1	1	1	16	12	10.3143477939619
1	169	1	1	1	1	17	12	13.0606197727598
1	169	1	1	1	1	18	12	12.9484785525834
1	170	1	1	1	1	19	12	13.9574875420224
1	170	1	1	1	1	20	12	13.6419462445008
1	171	1	1	1	1	21	12	15.9825534942342
1	171	1	1	1	1	22	12	14.6740777138571
1	172	1	1	1	1	23	12	14.0520060076837
1	172	1	1	1	1	24	12	15.6026405506879
1	173	1	1	1	1	25	12	16.4690809671722
1	173	1	1	1	1	26	12	15.9275564862745
1	174	1	1	1	1	27	12	16.9446818672317
1	174	1	1	1	1	28	12	14.6037169895272
1	175	1	1	1	1	29	12	17.497286250048
1	175	1	1	1	1	30	12	18.6524767037838
1	176	1	1	1	1	31	12	16.9360921558064
1	176	1	1	1	1	32	12	24.8746133432915
1	193	1	1	1	1	1	13	13.292933417277
1	193	1	1	1	1	2	13	14.0723157054553
1	194	1	1	1	1	3	13	5.45744520973308
1	194	1	1	1	1	4	13	7.27412226968405
1	195	1	1	1	1	5	13	14.5206057271049
1	195	1	1	1	1	6	13	14.7522765805439
1	196	1	1	1	1	7	13	13.2339518454082
1	196	1	1	1	1	8	13	12.1886753005399
1	197	1	1	1	1	9	13	11.5954231791351
1	197	1	1	1	1	10	13	12.0768282709607
1	198	1	1	1	1	11	13	12.0627612801075
1	198	1	1	1	1	12	13	10.6982461023411
1	199	1	1	1	1	13	13	13.5517552154188
1	199	1	1	1	1	14	13	9.65289127850516
1	200	1	1	1	1	15	13	12.0779474885638
1	200	1	1	1	1	16	13	10.0304131320224
1	201	1	1	1	1	17	13	9.81180895702094
1	201	1	1	1	1	18	13	10.5934480347636
1	202	1	1	1	1	19	13	12.504409560959
1	202	1	1	1	1	20	13	12.2409801991034
1	203	1	1	1	1	21	13	14.1157821184803
1	203	1	1	1	1	22	13	13.5087731055651
1	204	1	1	1	1	23	13	14.293481553874
1	204	1	1	1	1	24	13	13.3480416505927
1	205	1	1	1	1	25	13	16.1397104812049
1	205	1	1	1	1	26	13	15.5799751262073
1	206	1	1	1	1	27	13	15.9519704527964
1	206	1	1	1	1	28	13	15.1034150442044
1	207	1	1	1	1	29	13	15.5617507007997
1	207	1	1	1	1	30	13	16.3555288287817
1	208	1	1	1	1	31	13	17.2493633736517
1	208	1	1	1	1	32	13	24.4759652866624
1	193	1	1	1	1	1	14	15.572906338613
1	193	1	1	1	1	2	14	14.3517581862858
1	194	1	1	1	1	3	14	8.32922177774892
1	194	1	1	1	1	4	14	5.79141933114937
1	195	1	1	1	1	5	14	14.401771104759
1	195	1	1	1	1	6	14	14.76984082562
1	196	1	1	1	1	7	14	14.8753276350601
1	196	1	1	1	1	8	14	12.2359893544899
1	197	1	1	1	1	9	14	12.0699266146615
1	197	1	1	1	1	10	14	11.9973929748669
1	198	1	1	1	1	11	14	11.5040696519317
1	198	1	1	1	1	12	14	11.7170534055881
1	199	1	1	1	1	13	14	11.5621257730441
1	199	1	1	1	1	14	14	9.95097774039622
1	200	1	1	1	1	15	14	32.4973378048499
1	200	1	1	1	1	16	14	9.18887637285449
1	201	1	1	1	1	17	14	10.9337293013937
1	201	1	1	1	1	18	14	12.9514307229507
1	202	1	1	1	1	19	14	11.0142449450948
1	202	1	1	1	1	20	14	11.3185401565578
1	203	1	1	1	1	21	14	12.9032369546265
1	203	1	1	1	1	22	14	11.946669419549
1	204	1	1	1	1	23	14	13.2028941083968
1	204	1	1	1	1	24	14	11.4576206651739
1	205	1	1	1	1	25	14	15.4231255325849
1	205	1	1	1	1	26	14	16.5792451207313
1	206	1	1	1	1	27	14	14.9815203229216
1	206	1	1	1	1	28	14	14.3735438658709
1	207	1	1	1	1	29	14	15.5547052734705
1	207	1	1	1	1	30	14	16.6183132159008
1	208	1	1	1	1	31	14	17.7293314379667
1	208	1	1	1	1	32	14	23.6404283119251
1	225	1	1	1	1	1	15	13.79132825977
1	225	1	1	1	1	2	15	12.9222513041541
1	226	1	1	1	1	3	15	11.7374907256478
1	226	1	1	1	1	4	15	11.9180558454447
1	227	1	1	1	1	5	15	13.7633466880105
1	227	1	1	1	1	6	15	13.6304137806693
1	228	1	1	1	1	7	15	13.1562479812954
1	228	1	1	1	1	8	15	12.3020785225564
1	229	1	1	1	1	9	15	11.0992855216593
1	229	1	1	1	1	10	15	9.89593187100359
1	230	1	1	1	1	11	15	11.2822981623133
1	230	1	1	1	1	12	15	11.2439687281966
1	231	1	1	1	1	13	15	9.93010740024178
1	231	1	1	1	1	14	15	9.63118635917735
1	232	1	1	1	1	15	15	9.03527206707951
1	232	1	1	1	1	16	15	9.30027348021739
1	233	1	1	1	1	17	15	11.1617124216363
1	233	1	1	1	1	18	15	10.0943549464813
1	234	1	1	1	1	19	15	3.75161521179353
1	234	1	1	1	1	20	15	4.23728068139396
1	235	1	1	1	1	21	15	7.18678540162425
1	235	1	1	1	1	22	15	4.84567393091212
1	236	1	1	1	1	23	15	11.613480462308
1	236	1	1	1	1	24	15	12.5600340103056
1	237	1	1	1	1	25	15	5.1828570441657
1	237	1	1	1	1	26	15	5.14605766533157
1	238	1	1	1	1	27	15	15.0692454139182
1	238	1	1	1	1	28	15	13.9352995353919
1	239	1	1	1	1	29	15	14.2362820749886
1	239	1	1	1	1	30	15	14.2741765422995
1	240	1	1	1	1	31	15	15.7785212093962
1	240	1	1	1	1	32	15	22.5642730435319
1	225	1	1	1	1	1	16	12.0747159171933
1	225	1	1	1	1	2	16	14.5070673500233
1	226	1	1	1	1	3	16	15.3708281563744
1	226	1	1	1	1	4	16	11.4483968668431
1	227	1	1	1	1	5	16	13.2747525803379
1	227	1	1	1	1	6	16	13.0615182904744
1	228	1	1	1	1	7	16	11.7066780641256
1	228	1	1	1	1	8	16	11.7070966743928
1	229	1	1	1	1	9	16	10.9905593702738
1	229	1	1	1	1	10	16	9.87323210030883
1	230	1	1	1	1	11	16	9.91612669537979
1	230	1	1	1	1	12	16	11.0088924005168
1	231	1	1	1	1	13	16	9.28793625445555
1	231	1	1	1	1	14	16	8.34269626374918
1	232	1	1	1	1	15	16	10.0894808428715
1	232	1	1	1	1	16	16	7.83381663914561
1	233	1	1	1	1	17	16	9.72725944768507
1	233	1	1	1	1	18	16	9.66458301073763
1	234	1	1	1	1	19	16	5.51365247264071
1	234	1	1	1	1	20	16	2.79396089749877
1	235	1	1	1	1	21	16	6.78327209746124
1	235	1	1	1	1	22	16	2.58365319000259
1	236	1	1	1	1	23	16	12.2672738363758
1	236	1	1	1	1	24	16	12.1138416668818
1	237	1	1	1	1	25	16	7.46481950811005
1	237	1	1	1	1	26	16	3.5560050321535
1	238	1	1	1	1	27	16	15.6206606737822
1	238	1	1	1	1	28	16	15.2416105985657
1	239	1	1	1	1	29	16	13.6703384031035
1	239	1	1	1	1	30	16	13.7460876676287
1	240	1	1	1	1	31	16	15.3448164954752
1	240	1	1	1	1	32	16	22.16126693987
1	257	1	1	1	1	1	17	13.3948255053398
1	257	1	1	1	1	2	17	13.6588316831899
1	258	1	1	1	1	3	17	13.0530979028905
1	258	1	1	1	1	4	17	11.3806170163775
1	259	1	1	1	1	5	17	12.7866753606991
1	259	1	1	1	1	6	17	12.9404175855901
1	260	1	1	1	1	7	17	12.6769623204763
1	260	1	1	1	1	8	17	10.790285475164
1	261	1	1	1	1	9	17	11.4709542813841
1	261	1	1	1	1	10	17	10.0603011314979
1	262	1	1	1	1	11	17	11.5863903355153
1	262	1	1	1	1	12	17	9.42473535613249
1	263	1	1	1	1	13	17	9.61264059525953
1	263	1	1	1	1	14	17	9.10715339075266
1	264	1	1	1	1	15	17	10.0124748289625
1	264	1	1	1	1	16	17	8.99697687871847
1	265	1	1	1	1	17	17	9.59832611515601
1	265	1	1	1	1	18	17	10.4064892066338
1	266	1	1	1	1	19	17	9.9355024845369
1	266	1	1	1	1	20	17	10.3865463866531
1	267	1	1	1	1	21	17	12.4493575492299
1	267	1	1	1	1	22	17	11.3057931178578
1	268	1	1	1	1	23	17	11.8176777970813
1	268	1	1	1	1	24	17	12.3419167635021
1	269	1	1	1	1	25	17	13.1800845938384
1	269	1	1	1	1	26	17	13.6260011421578
1	270	1	1	1	1	27	17	12.3438718727312
1	270	1	1	1	1	28	17	14.3796371037832
1	271	1	1	1	1	29	17	14.8257538067108
1	271	1	1	1	1	30	17	14.6231496769595
1	272	1	1	1	1	31	17	14.3394491262551
1	272	1	1	1	1	32	17	21.9508200119931
1	257	1	1	1	1	1	18	13.6429019147644
1	257	1	1	1	1	2	18	13.1765164469849
1	258	1	1	1	1	3	18	14.4871141550704
1	258	1	1	1	1	4	18	12.0492494887236
1	259	1	1	1	1	5	18	12.3768858770981
1	259	1	1	1	1	6	18	13.0667288550977
1	260	1	1	1	1	7	18	12.6997862038594
1	260	1	1	1	1	8	18	12.136712458087
1	261	1	1	1	1	9	18	10.085274297877
1	261	1	1	1	1	10	18	11.6436983716051
1	262	1	1	1	1	11	18	10.8121104806604
1	262	1	1	1	1	12	18	8.94735323240249
1	263	1	1	1	1	13	18	9.56093380641886
1	263	1	1	1	1	14	18	9.10238679289453
1	264	1	1	1	1	15	18	9.81529432548843
1	264	1	1	1	1	16	18	7.16151407646496
1	265	1	1	1	1	17	18	9.56662326149994
1	265	1	1	1	1	18	18	9.93997549221394
1	266	1	1	1	1	19	18	32.7334730704564
1	266	1	1	1	1	20	18	10.3516408880986
1	267	1	1	1	1	21	18	40.3564931638624
1	267	1	1	1	1	22	18	10.8169331048799
1	268	1	1	1	1	23	18	12.0035630454631
1	268	1	1	1	1	24	18	12.4705578465646
1	269	1	1	1	1	25	18	13.7226358643883
1	269	1	1	1	1	26	18	13.8027741999258
1	270	1	1	1	1	27	18	15.7986624919845
1	270	1	1	1	1	28	18	14.1287777554646
1	271	1	1	1	1	29	18	14.9720808266789
1	271	1	1	1	1	30	18	14.953508256978
1	272	1	1	1	1	31	18	15.928005905093
1	272	1	1	1	1	32	18	23.484896670074
1	289	1	1	1	1	1	19	12.410245904585
1	289	1	1	1	1	2	19	12.2740826979656
1	290	1	1	1	1	3	19	12.0283920875426
1	290	1	1	1	1	4	19	10.6983347367089
1	291	1	1	1	1	5	19	11.5393226614405
1	291	1	1	1	1	6	19	12.3156176854143
1	292	1	1	1	1	7	19	3.29159909234437
1	292	1	1	1	1	8	19	5.73410555293673
1	293	1	1	1	1	9	19	10.6836381877245
1	293	1	1	1	1	10	19	9.84828211264213
1	294	1	1	1	1	11	19	4.54374615747235
1	294	1	1	1	1	12	19	4.9289666544185
1	295	1	1	1	1	13	19	9.75016332170721
1	295	1	1	1	1	14	19	7.86867959189873
1	296	1	1	1	1	15	19	8.41940312954891
1	296	1	1	1	1	16	19	8.08792131999152
1	297	1	1	1	1	17	19	8.21673719363125
1	297	1	1	1	1	18	19	8.90839845567754
1	298	1	1	1	1	19	19	10.0721268617499
1	298	1	1	1	1	20	19	9.13533930313336
1	299	1	1	1	1	21	19	11.8247839229013
1	299	1	1	1	1	22	19	9.06888014550335
1	300	1	1	1	1	23	19	11.9224129973821
1	300	1	1	1	1	24	19	11.039780440394
1	301	1	1	1	1	25	19	11.1555639782735
1	301	1	1	1	1	26	19	12.8469286452837
1	302	1	1	1	1	27	19	13.8809777873198
1	302	1	1	1	1	28	19	12.9961304421546
1	303	1	1	1	1	29	19	12.8564034530335
1	303	1	1	1	1	30	19	13.8318164685903
1	304	1	1	1	1	31	19	17.2653685806277
1	304	1	1	1	1	32	19	16.6615803790552
1	289	1	1	1	1	1	20	13.7071978847026
1	289	1	1	1	1	2	20	13.0080679148609
1	290	1	1	1	1	3	20	11.1170270752424
1	290	1	1	1	1	4	20	9.33116429851993
1	291	1	1	1	1	5	20	12.1827747877784
1	291	1	1	1	1	6	20	10.9861934543531
1	292	1	1	1	1	7	20	5.11935148593871
1	292	1	1	1	1	8	20	4.46507049608029
1	293	1	1	1	1	9	20	9.63779117619709
1	293	1	1	1	1	10	20	9.12426348570909
1	294	1	1	1	1	11	20	5.91180934379677
1	294	1	1	1	1	12	20	2.75606201186569
1	295	1	1	1	1	13	20	10.3788831649677
1	295	1	1	1	1	14	20	7.03213497674796
1	296	1	1	1	1	15	20	7.70692320196433
1	296	1	1	1	1	16	20	6.68877488798441
1	297	1	1	1	1	17	20	8.97578558877056
1	297	1	1	1	1	18	20	8.44675967090558
1	298	1	1	1	1	19	20	10.2260033649783
1	298	1	1	1	1	20	20	9.39925861843158
1	299	1	1	1	1	21	20	10.6116715786849
1	299	1	1	1	1	22	20	10.2810677973763
1	300	1	1	1	1	23	20	11.8905852066871
1	300	1	1	1	1	24	20	11.3242377949545
1	301	1	1	1	1	25	20	11.6090603559089
1	301	1	1	1	1	26	20	11.7219383131154
1	302	1	1	1	1	27	20	12.9598926477462
1	302	1	1	1	1	28	20	14.2923423261248
1	303	1	1	1	1	29	20	13.8078365867805
1	303	1	1	1	1	30	20	13.0793922053113
1	304	1	1	1	1	31	20	17.7337056253944
1	304	1	1	1	1	32	20	17.2126015314262
1	321	1	1	1	1	1	21	11.6110129102191
1	321	1	1	1	1	2	21	13.5162197762633
1	322	1	1	1	1	3	21	11.0767363587764
1	322	1	1	1	1	4	21	10.5712554628587
1	323	1	1	1	1	5	21	11.6625142390612
1	323	1	1	1	1	6	21	11.7901743958935
1	324	1	1	1	1	7	21	10.6912621032893
1	324	1	1	1	1	8	21	10.931963708179
1	325	1	1	1	1	9	21	8.76287856067851
1	325	1	1	1	1	10	21	10.2467598557962
1	326	1	1	1	1	11	21	9.85752001319654
1	326	1	1	1	1	12	21	6.72071631090006
1	327	1	1	1	1	13	21	8.25723698356089
1	327	1	1	1	1	14	21	7.02617739761295
1	328	1	1	1	1	15	21	6.92761935628142
1	328	1	1	1	1	16	21	6.49470308958562
1	329	1	1	1	1	17	21	8.75398635499248
1	329	1	1	1	1	18	21	8.36149908815635
1	330	1	1	1	1	19	21	9.36219914578283
1	330	1	1	1	1	20	21	8.56638685561959
1	331	1	1	1	1	21	21	10.316256494518
1	331	1	1	1	1	22	21	9.15884470025427
1	332	1	1	1	1	23	21	9.78930563030485
1	332	1	1	1	1	24	21	10.5930988362252
1	333	1	1	1	1	25	21	11.6973754110817
1	333	1	1	1	1	26	21	12.0696766051292
1	334	1	1	1	1	27	21	12.2113329164675
1	334	1	1	1	1	28	21	12.7046648085942
1	335	1	1	1	1	29	21	13.3048828274894
1	335	1	1	1	1	30	21	13.7452204262407
1	336	1	1	1	1	31	21	15.4946329967035
1	336	1	1	1	1	32	21	20.7550337047866
1	321	1	1	1	1	1	22	13.2447909450565
1	321	1	1	1	1	2	22	12.8378175344975
1	322	1	1	1	1	3	22	12.0218113884902
1	322	1	1	1	1	4	22	10.8959769266392
1	323	1	1	1	1	5	22	11.8795841500442
1	323	1	1	1	1	6	22	12.4483407738142
1	324	1	1	1	1	7	22	10.0706776593962
1	324	1	1	1	1	8	22	10.6310167094196
1	325	1	1	1	1	9	22	9.73131382193941
1	325	1	1	1	1	10	22	9.32543197864533
1	326	1	1	1	1	11	22	8.45744279550173
1	326	1	1	1	1	12	22	8.38112617113264
1	327	1	1	1	1	13	22	8.47540067048012
1	327	1	1	1	1	14	22	5.75718223570799
1	328	1	1	1	1	15	22	20.464562114883
1	328	1	1	1	1	16	22	6.44370748834687
1	329	1	1	1	1	17	22	8.89600078432195
1	329	1	1	1	1	18	22	9.06157463194375
1	330	1	1	1	1	19	22	9.62083737929692
1	330	1	1	1	1	20	22	8.3144054830834
1	331	1	1	1	1	21	22	10.4077713490391
1	331	1	1	1	1	22	22	9.18422749947883
1	332	1	1	1	1	23	22	11.4929801501323
1	332	1	1	1	1	24	22	12.1813688159026
1	333	1	1	1	1	25	22	12.2038287552113
1	333	1	1	1	1	26	22	12.0800215981737
1	334	1	1	1	1	27	22	11.3505286364676
1	334	1	1	1	1	28	22	11.7465768323502
1	335	1	1	1	1	29	22	11.0286618407564
1	335	1	1	1	1	30	22	13.1193057530185
1	336	1	1	1	1	31	22	12.9885026395033
1	336	1	1	1	1	32	22	20.9506896054713
1	353	1	1	1	1	1	23	11.5505015926522
1	353	1	1	1	1	2	23	12.7479326228686
1	354	1	1	1	1	3	23	11.1583048222363
1	354	1	1	1	1	4	23	9.68168454713555
1	355	1	1	1	1	5	23	10.6583530308506
1	355	1	1	1	1	6	23	10.3594352005732
1	356	1	1	1	1	7	23	11.5403220369178
1	356	1	1	1	1	8	23	12.2149339232138
1	357	1	1	1	1	9	23	8.61466315816727
1	357	1	1	1	1	10	23	11.5187990228984
1	358	1	1	1	1	11	23	9.93799668301477
1	358	1	1	1	1	12	23	7.08302928784071
1	359	1	1	1	1	13	23	8.55874272066418
1	359	1	1	1	1	14	23	6.49339940230974
1	360	1	1	1	1	15	23	7.47906346168539
1	360	1	1	1	1	16	23	6.79601040347831
1	361	1	1	1	1	17	23	7.65711811377808
1	361	1	1	1	1	18	23	8.42806802957602
1	362	1	1	1	1	19	23	9.45540488172748
1	362	1	1	1	1	20	23	8.67478309351542
1	363	1	1	1	1	21	23	9.27032633697505
1	363	1	1	1	1	22	23	35.1099885677495
1	364	1	1	1	1	23	23	8.90614632423585
1	364	1	1	1	1	24	23	10.8987417825809
1	365	1	1	1	1	25	23	10.8711802730309
1	365	1	1	1	1	26	23	12.7334781578183
1	366	1	1	1	1	27	23	12.2900057331108
1	366	1	1	1	1	28	23	12.0996976997429
1	367	1	1	1	1	29	23	13.2948764443115
1	367	1	1	1	1	30	23	11.8702149446243
1	368	1	1	1	1	31	23	14.0803741893391
1	368	1	1	1	1	32	23	21.654496241718
1	353	1	1	1	1	1	24	11.7007852075595
1	353	1	1	1	1	2	24	11.5077358639035
1	354	1	1	1	1	3	24	11.4847309734874
1	354	1	1	1	1	4	24	11.01830369151
1	355	1	1	1	1	5	24	11.5700073212524
1	355	1	1	1	1	6	24	12.5567786294101
1	356	1	1	1	1	7	24	9.31620132865757
1	356	1	1	1	1	8	24	9.65529501535108
1	357	1	1	1	1	9	24	11.4134209225305
1	357	1	1	1	1	10	24	9.60470108535312
1	358	1	1	1	1	11	24	8.77914737375804
1	358	1	1	1	1	12	24	7.82352266252528
1	359	1	1	1	1	13	24	8.59072630058228
1	359	1	1	1	1	14	24	5.88633447741373
1	360	1	1	1	1	15	24	7.03091209641615
1	360	1	1	1	1	16	24	7.66158866170451
1	361	1	1	1	1	17	24	7.78632680599215
1	361	1	1	1	1	18	24	8.11521463904169
1	362	1	1	1	1	19	24	10.0829403158531
1	362	1	1	1	1	20	24	8.7527358204262
1	363	1	1	1	1	21	24	9.03163996281054
1	363	1	1	1	1	22	24	10.3203863967567
1	364	1	1	1	1	23	24	10.8999662601624
1	364	1	1	1	1	24	24	10.9924159416626
1	365	1	1	1	1	25	24	11.5413664399163
1	365	1	1	1	1	26	24	10.9523431943449
1	366	1	1	1	1	27	24	12.2883088177876
1	366	1	1	1	1	28	24	12.4407395945637
1	367	1	1	1	1	29	24	12.4788422107262
1	367	1	1	1	1	30	24	13.4687749960398
1	368	1	1	1	1	31	24	13.1612526239579
1	368	1	1	1	1	32	24	20.7867332751828
1	385	1	1	1	1	1	25	11.787308546965
1	385	1	1	1	1	2	25	12.6874381743157
1	386	1	1	1	1	3	25	13.480845426703
1	386	1	1	1	1	4	25	10.098197363279
1	387	1	1	1	1	5	25	11.2057356521007
1	387	1	1	1	1	6	25	10.5290176652565
1	388	1	1	1	1	7	25	9.21945706750605
1	388	1	1	1	1	8	25	9.23822256978814
1	389	1	1	1	1	9	25	9.84457781137114
1	389	1	1	1	1	10	25	7.95719458894946
1	390	1	1	1	1	11	25	9.80964593181765
1	390	1	1	1	1	12	25	7.14578096322788
1	391	1	1	1	1	13	25	9.54726245879186
1	391	1	1	1	1	14	25	7.32500639466061
1	392	1	1	1	1	15	25	7.1685012984313
1	392	1	1	1	1	16	25	5.68276774627229
1	393	1	1	1	1	17	25	7.75955493062632
1	393	1	1	1	1	18	25	9.51148583809293
1	394	1	1	1	1	19	25	9.18663394902504
1	394	1	1	1	1	20	25	9.66043787029245
1	395	1	1	1	1	21	25	10.0230102453116
1	395	1	1	1	1	22	25	9.9866761994782
1	396	1	1	1	1	23	25	10.1902078301004
1	396	1	1	1	1	24	25	10.0947473969016
1	397	1	1	1	1	25	25	11.871358758695
1	397	1	1	1	1	26	25	10.0753728359891
1	398	1	1	1	1	27	25	12.7589065849535
1	398	1	1	1	1	28	25	11.7001675793766
1	399	1	1	1	1	29	25	13.4910631003068
1	399	1	1	1	1	30	25	13.2938055017756
1	400	1	1	1	1	31	25	17.10789961705
1	400	1	1	1	1	32	25	17.2009317675746
1	385	1	1	1	1	1	26	11.9367381472015
1	385	1	1	1	1	2	26	11.6885298629952
1	386	1	1	1	1	3	26	10.7208828931201
1	386	1	1	1	1	4	26	9.11322316254189
1	387	1	1	1	1	5	26	11.1783233595698
1	387	1	1	1	1	6	26	11.0370444868546
1	388	1	1	1	1	7	26	8.29471147404362
1	388	1	1	1	1	8	26	10.5942266531308
1	389	1	1	1	1	9	26	10.344637163389
1	389	1	1	1	1	10	26	7.91676838989351
1	390	1	1	1	1	11	26	9.47940419059619
1	390	1	1	1	1	12	26	7.42750712986205
1	391	1	1	1	1	13	26	7.80944582047244
1	391	1	1	1	1	14	26	6.48886553875906
1	392	1	1	1	1	15	26	6.12173988856676
1	392	1	1	1	1	16	26	7.85272521558378
1	393	1	1	1	1	17	26	7.15734044244734
1	393	1	1	1	1	18	26	8.89613750999775
1	394	1	1	1	1	19	26	8.85315733413295
1	394	1	1	1	1	20	26	9.86633225317172
1	395	1	1	1	1	21	26	10.1865358308548
1	395	1	1	1	1	22	26	10.1599796003054
1	396	1	1	1	1	23	26	10.1788771749259
1	396	1	1	1	1	24	26	9.98037048189794
1	397	1	1	1	1	25	26	12.0377608781497
1	397	1	1	1	1	26	26	11.6075723565722
1	398	1	1	1	1	27	26	11.8506241743283
1	398	1	1	1	1	28	26	13.1888065954651
1	399	1	1	1	1	29	26	12.56995961813
1	399	1	1	1	1	30	26	11.5411362252663
1	400	1	1	1	1	31	26	16.675454736834
1	400	1	1	1	1	32	26	16.4013910621591
1	417	1	1	1	1	1	27	11.8984986365374
1	417	1	1	1	1	2	27	12.8305747951839
1	418	1	1	1	1	3	27	11.0782590658301
1	418	1	1	1	1	4	27	11.7717893688585
1	419	1	1	1	1	5	27	10.4471153798724
1	419	1	1	1	1	6	27	10.6034720232323
1	420	1	1	1	1	7	27	9.80889361105307
1	420	1	1	1	1	8	27	10.4756746033882
1	421	1	1	1	1	9	27	8.68264982108093
1	421	1	1	1	1	10	27	9.93956255239019
1	422	1	1	1	1	11	27	9.31064694693018
1	422	1	1	1	1	12	27	8.54054508464388
1	423	1	1	1	1	13	27	7.26682142269869
1	423	1	1	1	1	14	27	7.04747862965121
1	424	1	1	1	1	15	27	7.46993569086108
1	424	1	1	1	1	16	27	7.68414332202721
1	425	1	1	1	1	17	27	8.57160347702568
1	425	1	1	1	1	18	27	9.47322663351563
1	426	1	1	1	1	19	27	10.3004660129082
1	426	1	1	1	1	20	27	7.3793212010964
1	427	1	1	1	1	21	27	7.80091745821409
1	427	1	1	1	1	22	27	10.579306889465
1	428	1	1	1	1	23	27	12.137092290618
1	428	1	1	1	1	24	27	11.0748367064199
1	429	1	1	1	1	25	27	44.3481594739917
1	429	1	1	1	1	26	27	11.9050706898243
1	430	1	1	1	1	27	27	12.9034834853671
1	430	1	1	1	1	28	27	12.3032799847425
1	431	1	1	1	1	29	27	12.3201334160151
1	431	1	1	1	1	30	27	11.524605427284
1	432	1	1	1	1	31	27	12.9811176179031
1	432	1	1	1	1	32	27	20.36825414387
1	417	1	1	1	1	1	28	11.3760039442659
1	417	1	1	1	1	2	28	12.4080593606755
1	418	1	1	1	1	3	28	10.5199950419958
1	418	1	1	1	1	4	28	10.7152422491548
1	419	1	1	1	1	5	28	12.6791237406087
1	419	1	1	1	1	6	28	12.5342157910756
1	420	1	1	1	1	7	28	9.98836443511063
1	420	1	1	1	1	8	28	11.2165215013451
1	421	1	1	1	1	9	28	8.93858603724492
1	421	1	1	1	1	10	28	9.17242269618953
1	422	1	1	1	1	11	28	10.2656216508367
1	422	1	1	1	1	12	28	7.79505084005287
1	423	1	1	1	1	13	28	9.29929988419828
1	423	1	1	1	1	14	28	7.56097965426727
1	424	1	1	1	1	15	28	8.60428021135802
1	424	1	1	1	1	16	28	8.16828710624119
1	425	1	1	1	1	17	28	8.83105150957927
1	425	1	1	1	1	18	28	8.67587853395472
1	426	1	1	1	1	19	28	9.82643341961104
1	426	1	1	1	1	20	28	8.70432406516402
1	427	1	1	1	1	21	28	12.2457438578174
1	427	1	1	1	1	22	28	9.96624049044765
1	428	1	1	1	1	23	28	12.1278364560695
1	428	1	1	1	1	24	28	11.6522497485778
1	429	1	1	1	1	25	28	12.3195018197191
1	429	1	1	1	1	26	28	12.1561839913918
1	430	1	1	1	1	27	28	12.4918911682592
1	430	1	1	1	1	28	28	12.3617072670012
1	431	1	1	1	1	29	28	15.1242233299086
1	431	1	1	1	1	30	28	14.044027799459
1	432	1	1	1	1	31	28	16.3172046643866
1	432	1	1	1	1	32	28	22.2466038219476
1	449	1	1	1	1	1	29	12.4354766186086
1	449	1	1	1	1	2	29	14.0678384065575
1	450	1	1	1	1	3	29	11.3261231330687
1	450	1	1	1	1	4	29	11.9089465741963
1	451	1	1	1	1	5	29	11.6373783678474
1	451	1	1	1	1	6	29	11.2159811199324
1	452	1	1	1	1	7	29	10.2170355513807
1	452	1	1	1	1	8	29	11.0853907379381
1	453	1	1	1	1	9	29	3.60262960727307
1	453	1	1	1	1	10	29	2.83797575721059
1	454	1	1	1	1	11	29	10.8543890703291
1	454	1	1	1	1	12	29	7.19024410253165
1	455	1	1	1	1	13	29	7.68244980695936
1	455	1	1	1	1	14	29	7.66893449326947
1	456	1	1	1	1	15	29	8.39434008247421
1	456	1	1	1	1	16	29	8.42782443537721
1	457	1	1	1	1	17	29	8.99718292508955
1	457	1	1	1	1	18	29	21.060813719258
1	458	1	1	1	1	19	29	5.38631113210497
1	458	1	1	1	1	20	29	1.7613965725907
1	459	1	1	1	1	21	29	10.8636030305737
1	459	1	1	1	1	22	29	38.0757368189959
1	460	1	1	1	1	23	29	10.6723251263425
1	460	1	1	1	1	24	29	10.9248045871149
1	461	1	1	1	1	25	29	13.2670244128533
1	461	1	1	1	1	26	29	12.8303604647102
1	462	1	1	1	1	27	29	12.7050440424381
1	462	1	1	1	1	28	29	13.3630320431418
1	463	1	1	1	1	29	29	5.85333248450943
1	463	1	1	1	1	30	29	2.86514599161469
1	464	1	1	1	1	31	29	14.434800974181
1	464	1	1	1	1	32	29	20.4576551956002
1	449	1	1	1	1	1	30	12.2837606823521
1	449	1	1	1	1	2	30	12.5631776818967
1	450	1	1	1	1	3	30	11.1914762105032
1	450	1	1	1	1	4	30	11.4256457325953
1	451	1	1	1	1	5	30	10.6805893121421
1	451	1	1	1	1	6	30	9.97102364213403
1	452	1	1	1	1	7	30	10.4015420652076
1	452	1	1	1	1	8	30	11.1185438010775
1	453	1	1	1	1	9	30	3.2561461662696
1	453	1	1	1	1	10	30	6.00452832712249
1	454	1	1	1	1	11	30	8.29716474809854
1	454	1	1	1	1	12	30	8.22873594035349
1	455	1	1	1	1	13	30	7.66889567415629
1	455	1	1	1	1	14	30	7.78882012240639
1	456	1	1	1	1	15	30	8.7597724226675
1	456	1	1	1	1	16	30	7.55890811630372
1	457	1	1	1	1	17	30	9.73511583201756
1	457	1	1	1	1	18	30	9.99346162108882
1	458	1	1	1	1	19	30	3.161625126156
1	458	1	1	1	1	20	30	1.47862201288101
1	459	1	1	1	1	21	30	10.8776634298484
1	459	1	1	1	1	22	30	10.2756256178328
1	460	1	1	1	1	23	30	11.1896485958451
1	460	1	1	1	1	24	30	10.4907757440853
1	461	1	1	1	1	25	30	12.981616572076
1	461	1	1	1	1	26	30	13.0571158343137
1	462	1	1	1	1	27	30	12.5816186836528
1	462	1	1	1	1	28	30	13.3593520139858
1	463	1	1	1	1	29	30	2.11372584504568
1	463	1	1	1	1	30	30	1.46100673422457
1	464	1	1	1	1	31	30	15.3012177458621
1	464	1	1	1	1	32	30	21.2673376234606
1	481	1	1	1	1	1	31	12.9512570385677
1	481	1	1	1	1	2	31	12.8541296966394
1	482	1	1	1	1	3	31	3.52001507034271
1	482	1	1	1	1	4	31	2.51528498776525
1	483	1	1	1	1	5	31	42.2271736304547
1	483	1	1	1	1	6	31	11.0759258246582
1	484	1	1	1	1	7	31	10.6338667126915
1	484	1	1	1	1	8	31	9.96095324099295
1	485	1	1	1	1	9	31	9.68827204583652
1	485	1	1	1	1	10	31	11.183279422956
1	486	1	1	1	1	11	31	8.90362072651976
1	486	1	1	1	1	12	31	8.35944371274167
1	487	1	1	1	1	13	31	3.79871943587608
1	487	1	1	1	1	14	31	3.24274532472387
1	488	1	1	1	1	15	31	8.29581359129329
1	488	1	1	1	1	16	31	9.14984873674374
1	489	1	1	1	1	17	31	8.29476493055228
1	489	1	1	1	1	18	31	9.33473176505975
1	490	1	1	1	1	19	31	9.35721774666799
1	490	1	1	1	1	20	31	8.17734764803153
1	491	1	1	1	1	21	31	10.9997926680271
1	491	1	1	1	1	22	31	11.4687109751052
1	492	1	1	1	1	23	31	2.38239519272553
1	492	1	1	1	1	24	31	3.62348764152217
1	493	1	1	1	1	25	31	3.27270272212515
1	493	1	1	1	1	26	31	5.19140608311067
1	494	1	1	1	1	27	31	11.2292093568807
1	494	1	1	1	1	28	31	15.378590404816
1	495	1	1	1	1	29	31	13.5521802770718
1	495	1	1	1	1	30	31	13.2360461820195
1	496	1	1	1	1	31	31	17.1857387101364
1	496	1	1	1	1	32	31	17.3693943185394
1	481	1	1	1	1	1	32	12.0880190400359
1	481	1	1	1	1	2	32	12.4944321823356
1	482	1	1	1	1	3	32	2.08358780324383
1	482	1	1	1	1	4	32	2.82357810141209
1	483	1	1	1	1	5	32	12.0739915936818
1	483	1	1	1	1	6	32	11.2625876464161
1	484	1	1	1	1	7	32	10.2965208950616
1	484	1	1	1	1	8	32	8.88812540441676
1	485	1	1	1	1	9	32	9.82496670253673
1	485	1	1	1	1	10	32	10.5237734786672
1	486	1	1	1	1	11	32	9.00021183236219
1	486	1	1	1	1	12	32	9.04839343683777
1	487	1	1	1	1	13	32	1.92259464651267
1	487	1	1	1	1	14	32	3.41746433991374
1	488	1	1	1	1	15	32	7.65476923510357
1	488	1	1	1	1	16	32	8.87286095013218
1	489	1	1	1	1	17	32	8.50762289642637
1	489	1	1	1	1	18	32	8.58992737176599
1	490	1	1	1	1	19	32	8.7780049169937
1	490	1	1	1	1	20	32	9.1216294560364
1	491	1	1	1	1	21	32	11.7338640494626
1	491	1	1	1	1	22	32	10.3728250946386
1	492	1	1	1	1	23	32	5.99245602834864
1	492	1	1	1	1	24	32	5.4010327324187
1	493	1	1	1	1	25	32	2.7437237206587
1	493	1	1	1	1	26	32	3.54739348804933
1	494	1	1	1	1	27	32	11.2365308995525
1	494	1	1	1	1	28	32	10.9938013727754
1	495	1	1	1	1	29	32	53.4673805154913
1	495	1	1	1	1	30	32	13.5407149474326
1	496	1	1	1	1	31	32	17.6010484690719
1	496	1	1	1	1	32	32	17.5686225251119
1	513	1	1	1	1	1	33	12.8782926435455
1	513	1	1	1	1	2	33	14.4242281926594
1	514	1	1	1	1	3	33	12.7901137181367
1	514	1	1	1	1	4	33	10.5723929075705
1	515	1	1	1	1	5	33	12.3831258113724
1	515	1	1	1	1	6	33	12.6448636957415
1	516	1	1	1	1	7	33	9.85606580826158
1	516	1	1	1	1	8	33	11.5947490696696
1	517	1	1	1	1	9	33	10.1490519371701
1	517	1	1	1	1	10	33	10.0550882279185
1	518	1	1	1	1	11	33	10.3249995363877
1	518	1	1	1	1	12	33	8.42132202783672
1	519	1	1	1	1	13	33	10.239921387133
1	519	1	1	1	1	14	33	9.64468421684688
1	520	1	1	1	1	15	33	9.78160324361151
1	520	1	1	1	1	16	33	7.85784309260339
1	521	1	1	1	1	17	33	9.76143590526448
1	521	1	1	1	1	18	33	9.83029042068704
1	522	1	1	1	1	19	33	9.4598336551404
1	522	1	1	1	1	20	33	9.30773384705717
1	523	1	1	1	1	21	33	10.2878422140231
1	523	1	1	1	1	22	33	11.3167377259459
1	524	1	1	1	1	23	33	11.062447575356
1	524	1	1	1	1	24	33	11.811090941493
1	525	1	1	1	1	25	33	14.4702153354172
1	525	1	1	1	1	26	33	13.9468566380667
1	526	1	1	1	1	27	33	13.7215008541078
1	526	1	1	1	1	28	33	13.4397425194904
1	527	1	1	1	1	29	33	13.5078294098735
1	527	1	1	1	1	30	33	14.2401380580374
1	528	1	1	1	1	31	33	16.0818694522906
1	528	1	1	1	1	32	33	22.0802004359818
1	513	1	1	1	1	1	34	13.3710371570504
1	513	1	1	1	1	2	34	14.2508307422109
1	514	1	1	1	1	3	34	13.6367859246297
1	514	1	1	1	1	4	34	10.1350893682069
1	515	1	1	1	1	5	34	11.7139774944436
1	515	1	1	1	1	6	34	13.3692505479049
1	516	1	1	1	1	7	34	9.2487058080962
1	516	1	1	1	1	8	34	11.3873720849297
1	517	1	1	1	1	9	34	11.6800237648861
1	517	1	1	1	1	10	34	10.0854320891158
1	518	1	1	1	1	11	34	9.49903314986749
1	518	1	1	1	1	12	34	10.2714275168897
1	519	1	1	1	1	13	34	8.79659637529774
1	519	1	1	1	1	14	34	9.06249151488446
1	520	1	1	1	1	15	34	9.2798722640966
1	520	1	1	1	1	16	34	9.49175422094199
1	521	1	1	1	1	17	34	9.39395951975048
1	521	1	1	1	1	18	34	9.84429903921979
1	522	1	1	1	1	19	34	11.1156020698439
1	522	1	1	1	1	20	34	10.066394274917
1	523	1	1	1	1	21	34	11.5297262323397
1	523	1	1	1	1	22	34	10.9803849731833
1	524	1	1	1	1	23	34	13.0088922156162
1	524	1	1	1	1	24	34	11.547316559212
1	525	1	1	1	1	25	34	14.4337924408404
1	525	1	1	1	1	26	34	13.4406294787791
1	526	1	1	1	1	27	34	13.4465810483203
1	526	1	1	1	1	28	34	13.024648274008
1	527	1	1	1	1	29	34	14.5221453120871
1	527	1	1	1	1	30	34	14.3296458707349
1	528	1	1	1	1	31	34	14.8117947952178
1	528	1	1	1	1	32	34	20.3763533884301
1	545	1	1	1	1	1	35	13.9877668885797
1	545	1	1	1	1	2	35	12.9643735610579
1	546	1	1	1	1	3	35	11.6006464629785
1	546	1	1	1	1	4	35	11.5267344790835
1	547	1	1	1	1	5	35	3.02744270085007
1	547	1	1	1	1	6	35	4.82398171486101
1	548	1	1	1	1	7	35	10.8081485990323
1	548	1	1	1	1	8	35	11.1550917100059
1	549	1	1	1	1	9	35	10.2064698201594
1	549	1	1	1	1	10	35	9.96129559972241
1	550	1	1	1	1	11	35	9.31765502410965
1	550	1	1	1	1	12	35	8.72188793426666
1	551	1	1	1	1	13	35	8.36545285187302
1	551	1	1	1	1	14	35	8.14100425942299
1	552	1	1	1	1	15	35	8.67026468719712
1	552	1	1	1	1	16	35	8.22924636058561
1	553	1	1	1	1	17	35	9.55898569286185
1	553	1	1	1	1	18	35	8.68816927098018
1	554	1	1	1	1	19	35	10.4579205242321
1	554	1	1	1	1	20	35	9.35395480230787
1	555	1	1	1	1	21	35	11.6705923995959
1	555	1	1	1	1	22	35	10.9964708156819
1	556	1	1	1	1	23	35	12.2610174312222
1	556	1	1	1	1	24	35	11.9490612462902
1	557	1	1	1	1	25	35	6.18831038273609
1	557	1	1	1	1	26	35	6.04509396852373
1	558	1	1	1	1	27	35	12.8832286402825
1	558	1	1	1	1	28	35	9.93322356725484
1	559	1	1	1	1	29	35	13.2218319238244
1	559	1	1	1	1	30	35	13.366706373137
1	560	1	1	1	1	31	35	14.729244780002
1	560	1	1	1	1	32	35	22.4219329456847
1	545	1	1	1	1	1	36	13.437080321346
1	545	1	1	1	1	2	36	15.4082763320475
1	546	1	1	1	1	3	36	10.4926648372379
1	546	1	1	1	1	4	36	10.4568717511428
1	547	1	1	1	1	5	36	3.09368905400722
1	547	1	1	1	1	6	36	1.29577825176352
1	548	1	1	1	1	7	36	11.2706363434337
1	548	1	1	1	1	8	36	12.1582817290686
1	549	1	1	1	1	9	36	11.0357147205568
1	549	1	1	1	1	10	36	8.90004847015584
1	550	1	1	1	1	11	36	8.79444600468492
1	550	1	1	1	1	12	36	9.1063846796758
1	551	1	1	1	1	13	36	8.48076476969876
1	551	1	1	1	1	14	36	8.24820122285557
1	552	1	1	1	1	15	36	6.62592100738578
1	552	1	1	1	1	16	36	8.98599270769887
1	553	1	1	1	1	17	36	9.42225276414791
1	553	1	1	1	1	18	36	8.09777486556229
1	554	1	1	1	1	19	36	8.7301168898247
1	554	1	1	1	1	20	36	37.8684278380289
1	555	1	1	1	1	21	36	11.2629141475502
1	555	1	1	1	1	22	36	11.7007501117839
1	556	1	1	1	1	23	36	11.7409531070964
1	556	1	1	1	1	24	36	11.4785656482964
1	557	1	1	1	1	25	36	2.31897865676917
1	557	1	1	1	1	26	36	2.7482425460578
1	558	1	1	1	1	27	36	12.6816366148235
1	558	1	1	1	1	28	36	13.8521365690386
1	559	1	1	1	1	29	36	13.4177474150069
1	559	1	1	1	1	30	36	13.1005222539889
1	560	1	1	1	1	31	36	14.1930381734282
1	560	1	1	1	1	32	36	21.6734997138455
1	577	1	1	1	1	1	37	14.229640440471
1	577	1	1	1	1	2	37	13.6740149546239
1	578	1	1	1	1	3	37	11.8667759050483
1	578	1	1	1	1	4	37	11.5235837901935
1	579	1	1	1	1	5	37	12.7094406468778
1	579	1	1	1	1	6	37	47.0673731177557
1	580	1	1	1	1	7	37	11.7656473602445
1	580	1	1	1	1	8	37	9.5024281684031
1	581	1	1	1	1	9	37	10.632510050614
1	581	1	1	1	1	10	37	10.5063418107821
1	582	1	1	1	1	11	37	9.88463984340326
1	582	1	1	1	1	12	37	9.70229095668304
1	583	1	1	1	1	13	37	9.17575391318744
1	583	1	1	1	1	14	37	8.6971739896027
1	584	1	1	1	1	15	37	2.07949323433029
1	584	1	1	1	1	16	37	1.38479823030521
1	585	1	1	1	1	17	37	8.16388593822711
1	585	1	1	1	1	18	37	8.75946605154376
1	586	1	1	1	1	19	37	8.83618928981933
1	586	1	1	1	1	20	37	8.31268093343695
1	587	1	1	1	1	21	37	9.77236784230736
1	587	1	1	1	1	22	37	10.5840823833486
1	588	1	1	1	1	23	37	11.7133818283369
1	588	1	1	1	1	24	37	11.5519383166478
1	589	1	1	1	1	25	37	6.33813176303754
1	589	1	1	1	1	26	37	2.97301074191643
1	590	1	1	1	1	27	37	14.0591875932831
1	590	1	1	1	1	28	37	14.3452176440129
1	591	1	1	1	1	29	37	14.7058248020671
1	591	1	1	1	1	30	37	14.5101861469287
1	592	1	1	1	1	31	37	14.1683353540918
1	592	1	1	1	1	32	37	20.4730058541997
1	577	1	1	1	1	1	38	15.1026562758887
1	577	1	1	1	1	2	38	14.121056046929
1	578	1	1	1	1	3	38	11.4390981762495
1	578	1	1	1	1	4	38	11.7498181719999
1	579	1	1	1	1	5	38	14.1157187347618
1	579	1	1	1	1	6	38	13.3890913401539
1	580	1	1	1	1	7	38	11.3329783648429
1	580	1	1	1	1	8	38	10.8370839020964
1	581	1	1	1	1	9	38	10.1403083547152
1	581	1	1	1	1	10	38	10.909521647534
1	582	1	1	1	1	11	38	9.88794459407887
1	582	1	1	1	1	12	38	9.50274946283715
1	583	1	1	1	1	13	38	8.76928907423529
1	583	1	1	1	1	14	38	9.50220911732382
1	584	1	1	1	1	15	38	2.50138263247645
1	584	1	1	1	1	16	38	3.28331326672824
1	585	1	1	1	1	17	38	8.96069714054716
1	585	1	1	1	1	18	38	10.0081215568187
1	586	1	1	1	1	19	38	10.0597864143668
1	586	1	1	1	1	20	38	9.47772276691825
1	587	1	1	1	1	21	38	12.5248925921482
1	587	1	1	1	1	22	38	13.4626783467951
1	588	1	1	1	1	23	38	12.7650909593273
1	588	1	1	1	1	24	38	13.4797953372522
1	589	1	1	1	1	25	38	2.32973606345427
1	589	1	1	1	1	26	38	5.69515595143932
1	590	1	1	1	1	27	38	13.0682760650044
1	590	1	1	1	1	28	38	13.9359661192686
1	591	1	1	1	1	29	38	14.6764180597467
1	591	1	1	1	1	30	38	14.3338898246635
1	592	1	1	1	1	31	38	15.9833030043961
1	592	1	1	1	1	32	38	22.8726833802894
1	609	1	1	1	1	1	39	11.52743239483
1	609	1	1	1	1	2	39	13.5175206616145
1	610	1	1	1	1	3	39	12.5771846346804
1	610	1	1	1	1	4	39	13.0490729801864
1	611	1	1	1	1	5	39	12.1940448129566
1	611	1	1	1	1	6	39	11.6729607187587
1	612	1	1	1	1	7	39	11.3544470372397
1	612	1	1	1	1	8	39	11.4584134051504
1	613	1	1	1	1	9	39	13.5563889729754
1	613	1	1	1	1	10	39	11.0677933728477
1	614	1	1	1	1	11	39	11.6074203368998
1	614	1	1	1	1	12	39	9.00473618305215
1	615	1	1	1	1	13	39	9.3345662854663
1	615	1	1	1	1	14	39	10.3670315159598
1	616	1	1	1	1	15	39	9.04982335480207
1	616	1	1	1	1	16	39	9.18996689786053
1	617	1	1	1	1	17	39	3.49934432553717
1	617	1	1	1	1	18	39	5.02378890015128
1	618	1	1	1	1	19	39	10.9863925797144
1	618	1	1	1	1	20	39	10.0709927783893
1	619	1	1	1	1	21	39	12.3833163119791
1	619	1	1	1	1	22	39	12.2107655022977
1	620	1	1	1	1	23	39	13.1532967719036
1	620	1	1	1	1	24	39	12.1663756168684
1	621	1	1	1	1	25	39	13.9310526658384
1	621	1	1	1	1	26	39	13.1310332607557
1	622	1	1	1	1	27	39	13.1795590624017
1	622	1	1	1	1	28	39	14.4925448335865
1	623	1	1	1	1	29	39	14.8915580190842
1	623	1	1	1	1	30	39	14.8213504359656
1	624	1	1	1	1	31	39	18.5141216947348
1	624	1	1	1	1	32	39	18.682619023361
1	609	1	1	1	1	1	40	14.8580546438103
1	609	1	1	1	1	2	40	14.4478743923548
1	610	1	1	1	1	3	40	13.5691971821472
1	610	1	1	1	1	4	40	12.6813940082999
1	611	1	1	1	1	5	40	13.4227400650048
1	611	1	1	1	1	6	40	12.3077710516777
1	612	1	1	1	1	7	40	10.6172874449402
1	612	1	1	1	1	8	40	11.9835547473475
1	613	1	1	1	1	9	40	12.1345883804813
1	613	1	1	1	1	10	40	10.756613830481
1	614	1	1	1	1	11	40	10.3595210037875
1	614	1	1	1	1	12	40	10.8552384475868
1	615	1	1	1	1	13	40	9.22098514589693
1	615	1	1	1	1	14	40	8.25483462467268
1	616	1	1	1	1	15	40	8.71085163578696
1	616	1	1	1	1	16	40	8.85218982382325
1	617	1	1	1	1	17	40	3.10953674399103
1	617	1	1	1	1	18	40	6.33963299863168
1	618	1	1	1	1	19	40	10.8628597118024
1	618	1	1	1	1	20	40	9.77352955675696
1	619	1	1	1	1	21	40	11.011093380038
1	619	1	1	1	1	22	40	12.8834530469481
1	620	1	1	1	1	23	40	12.9120206593268
1	620	1	1	1	1	24	40	11.9912486962058
1	621	1	1	1	1	25	40	14.8783825685292
1	621	1	1	1	1	26	40	13.9573760278194
1	622	1	1	1	1	27	40	13.9952754068875
1	622	1	1	1	1	28	40	14.772252523169
1	623	1	1	1	1	29	40	14.9807352909477
1	623	1	1	1	1	30	40	14.5841762105646
1	624	1	1	1	1	31	40	18.7095721280024
1	624	1	1	1	1	32	40	19.0892619176953
1	641	1	1	1	1	1	41	13.8672449614507
1	641	1	1	1	1	2	41	14.2645506779144
1	642	1	1	1	1	3	41	12.9161496042658
1	642	1	1	1	1	4	41	13.2874663631083
1	643	1	1	1	1	5	41	12.1570362262428
1	643	1	1	1	1	6	41	13.3468991406519
1	644	1	1	1	1	7	41	3.65380420320234
1	644	1	1	1	1	8	41	4.83680338332107
1	645	1	1	1	1	9	41	11.9763879949552
1	645	1	1	1	1	10	41	11.2021006586051
1	646	1	1	1	1	11	41	10.5567566148989
1	646	1	1	1	1	12	41	9.16993749677829
1	647	1	1	1	1	13	41	10.5062336255535
1	647	1	1	1	1	14	41	8.94240485694605
1	648	1	1	1	1	15	41	7.98750604695248
1	648	1	1	1	1	16	41	9.79549307890654
1	649	1	1	1	1	17	41	10.3818767336709
1	649	1	1	1	1	18	41	10.2335114357833
1	650	1	1	1	1	19	41	11.999494945756
1	650	1	1	1	1	20	41	12.0504109400345
1	651	1	1	1	1	21	41	12.2101293120272
1	651	1	1	1	1	22	41	11.0276918500603
1	652	1	1	1	1	23	41	12.6878604636831
1	652	1	1	1	1	24	41	13.2908108379069
1	653	1	1	1	1	25	41	13.1997030929868
1	653	1	1	1	1	26	41	13.7905958446776
1	654	1	1	1	1	27	41	13.8150711876107
1	654	1	1	1	1	28	41	13.8237521422931
1	655	1	1	1	1	29	41	14.9397706730112
1	655	1	1	1	1	30	41	14.3774685385766
1	656	1	1	1	1	31	41	17.0993984605838
1	656	1	1	1	1	32	41	22.0612493892473
1	641	1	1	1	1	1	42	13.9032640051528
1	641	1	1	1	1	2	42	16.8225656613611
1	642	1	1	1	1	3	42	13.3509781516787
1	642	1	1	1	1	4	42	49.965273005234
1	643	1	1	1	1	5	42	13.5748082865101
1	643	1	1	1	1	6	42	13.5049589995035
1	644	1	1	1	1	7	42	3.17319716370376
1	644	1	1	1	1	8	42	3.23220850617095
1	645	1	1	1	1	9	42	13.8272421758799
1	645	1	1	1	1	10	42	11.996788331557
1	646	1	1	1	1	11	42	12.0690321400826
1	646	1	1	1	1	12	42	10.0791706439437
1	647	1	1	1	1	13	42	11.4662850694671
1	647	1	1	1	1	14	42	9.2198723712734
1	648	1	1	1	1	15	42	10.2265526971998
1	648	1	1	1	1	16	42	38.3025680177464
1	649	1	1	1	1	17	42	9.63973257688093
1	649	1	1	1	1	18	42	10.20045499364
1	650	1	1	1	1	19	42	12.1186042676783
1	650	1	1	1	1	20	42	11.5450954686847
1	651	1	1	1	1	21	42	12.0897041667275
1	651	1	1	1	1	22	42	12.8263986106175
1	652	1	1	1	1	23	42	13.5175024397239
1	652	1	1	1	1	24	42	13.2915825446074
1	653	1	1	1	1	25	42	15.6965760669544
1	653	1	1	1	1	26	42	14.3537466351906
1	654	1	1	1	1	27	42	13.6765006407211
1	654	1	1	1	1	28	42	12.5555856248738
1	655	1	1	1	1	29	42	16.3107599163582
1	655	1	1	1	1	30	42	15.563967805916
1	656	1	1	1	1	31	42	15.8849273678745
1	656	1	1	1	1	32	42	23.9775099584318
1	673	1	1	1	1	1	43	14.5676959457181
1	673	1	1	1	1	2	43	15.3492476621754
1	674	1	1	1	1	3	43	13.9198236456782
1	674	1	1	1	1	4	43	13.6649757903321
1	675	1	1	1	1	5	43	13.5627221183127
1	675	1	1	1	1	6	43	14.2617573523956
1	676	1	1	1	1	7	43	12.8997732492852
1	676	1	1	1	1	8	43	11.3015923345373
1	677	1	1	1	1	9	43	12.9588887918467
1	677	1	1	1	1	10	43	11.4734665888211
1	678	1	1	1	1	11	43	12.3404235207299
1	678	1	1	1	1	12	43	11.9492437347448
1	679	1	1	1	1	13	43	10.6423872168808
1	679	1	1	1	1	14	43	10.0793182669436
1	680	1	1	1	1	15	43	9.32401455627847
1	680	1	1	1	1	16	43	9.4687170598395
1	681	1	1	1	1	17	43	10.6522312249501
1	681	1	1	1	1	18	43	10.7104884191794
1	682	1	1	1	1	19	43	12.2372633922743
1	682	1	1	1	1	20	43	11.9260610804049
1	683	1	1	1	1	21	43	12.4694937511445
1	683	1	1	1	1	22	43	13.4158912795432
1	684	1	1	1	1	23	43	13.1930343036634
1	684	1	1	1	1	24	43	12.9984351737204
1	685	1	1	1	1	25	43	14.3536064600459
1	685	1	1	1	1	26	43	15.3412718089915
1	686	1	1	1	1	27	43	13.7286998364
1	686	1	1	1	1	28	43	14.9383977326005
1	687	1	1	1	1	29	43	16.4558935476594
1	687	1	1	1	1	30	43	16.2271469145044
1	688	1	1	1	1	31	43	15.6754091603889
1	688	1	1	1	1	32	43	23.4777929423027
1	673	1	1	1	1	1	44	15.5236369423191
1	673	1	1	1	1	2	44	14.6640192256549
1	674	1	1	1	1	3	44	14.0045475550533
1	674	1	1	1	1	4	44	13.7029185784913
1	675	1	1	1	1	5	44	13.9223334403343
1	675	1	1	1	1	6	44	13.6381913280852
1	676	1	1	1	1	7	44	13.1110742940775
1	676	1	1	1	1	8	44	13.1084852926049
1	677	1	1	1	1	9	44	13.1956295618828
1	677	1	1	1	1	10	44	11.8444974380831
1	678	1	1	1	1	11	44	11.8752858954855
1	678	1	1	1	1	12	44	12.0660764459793
1	679	1	1	1	1	13	44	11.4246777160092
1	679	1	1	1	1	14	44	8.93740052018485
1	680	1	1	1	1	15	44	9.58128382498424
1	680	1	1	1	1	16	44	9.88615296969447
1	681	1	1	1	1	17	44	10.8864902695891
1	681	1	1	1	1	18	44	10.9449690313045
1	682	1	1	1	1	19	44	11.909198734477
1	682	1	1	1	1	20	44	11.5857930604451
1	683	1	1	1	1	21	44	12.3688289454975
1	683	1	1	1	1	22	44	13.4791378470731
1	684	1	1	1	1	23	44	13.0863276074996
1	684	1	1	1	1	24	44	15.1990517030018
1	685	1	1	1	1	25	44	14.7033815347395
1	685	1	1	1	1	26	44	14.8201363013803
1	686	1	1	1	1	27	44	15.5688529357581
1	686	1	1	1	1	28	44	15.8280015484527
1	687	1	1	1	1	29	44	16.1216349686944
1	687	1	1	1	1	30	44	16.144405071365
1	688	1	1	1	1	31	44	17.139297567562
1	688	1	1	1	1	32	44	23.5619872901451
1	705	1	1	1	1	1	45	15.083191453141
1	705	1	1	1	1	2	45	14.4764937216841
1	706	1	1	1	1	3	45	14.3180066898701
1	706	1	1	1	1	4	45	14.0779951525863
1	707	1	1	1	1	5	45	6.48474389099381
1	707	1	1	1	1	6	45	5.8973361614874
1	708	1	1	1	1	7	45	14.9682543561975
1	708	1	1	1	1	8	45	14.4287455212375
1	709	1	1	1	1	9	45	60.9270271014136
1	709	1	1	1	1	10	45	11.4672549017042
1	710	1	1	1	1	11	45	13.2772172440087
1	710	1	1	1	1	12	45	13.1358835383664
1	711	1	1	1	1	13	45	1.94408840636102
1	711	1	1	1	1	14	45	2.20832801114966
1	712	1	1	1	1	15	45	12.3682278306617
1	712	1	1	1	1	16	45	11.4656541351823
1	713	1	1	1	1	17	45	11.4160217050556
1	713	1	1	1	1	18	45	10.9343752859975
1	714	1	1	1	1	19	45	12.6650020364332
1	714	1	1	1	1	20	45	12.7048633491057
1	715	1	1	1	1	21	45	12.574038709999
1	715	1	1	1	1	22	45	14.5247790283853
1	716	1	1	1	1	23	45	12.9588544630197
1	716	1	1	1	1	24	45	15.0755109489805
1	717	1	1	1	1	25	45	16.6675172359547
1	717	1	1	1	1	26	45	17.0078360173096
1	718	1	1	1	1	27	45	16.2593275856242
1	718	1	1	1	1	28	45	17.3492531653714
1	719	1	1	1	1	29	45	16.483487217518
1	719	1	1	1	1	30	45	17.1205727688653
1	720	1	1	1	1	31	45	17.390121861202
1	720	1	1	1	1	32	45	23.1073267331811
1	705	1	1	1	1	1	46	17.4606382757891
1	705	1	1	1	1	2	46	17.3638032012971
1	706	1	1	1	1	3	46	17.5773417211258
1	706	1	1	1	1	4	46	18.0136791711019
1	707	1	1	1	1	5	46	7.76035736757509
1	707	1	1	1	1	6	46	6.32605595569315
1	708	1	1	1	1	7	46	15.0350514764649
1	708	1	1	1	1	8	46	14.7304171112427
1	709	1	1	1	1	9	46	14.6893397244451
1	709	1	1	1	1	10	46	15.8950675708225
1	710	1	1	1	1	11	46	13.2745423872824
1	710	1	1	1	1	12	46	13.4752779103065
1	711	1	1	1	1	13	46	0.656551466717945
1	711	1	1	1	1	14	46	2.67626567868861
1	712	1	1	1	1	15	46	10.896118212034
1	712	1	1	1	1	16	46	12.1769500635051
1	713	1	1	1	1	17	46	15.1761067173859
1	713	1	1	1	1	18	46	13.5637086866732
1	714	1	1	1	1	19	46	14.9803713569282
1	714	1	1	1	1	20	46	15.283726381244
1	715	1	1	1	1	21	46	16.6105874242651
1	715	1	1	1	1	22	46	15.7742291030779
1	716	1	1	1	1	23	46	16.3022336328069
1	716	1	1	1	1	24	46	17.7843979845347
1	717	1	1	1	1	25	46	17.0414876969857
1	717	1	1	1	1	26	46	16.8418480490293
1	718	1	1	1	1	27	46	16.5375104517511
1	718	1	1	1	1	28	46	17.2081514806589
1	719	1	1	1	1	29	46	18.7942165277603
1	719	1	1	1	1	30	46	19.1483563239828
1	720	1	1	1	1	31	46	20.1684663394348
1	720	1	1	1	1	32	46	26.9168820165933
1	737	1	1	1	1	1	47	18.2796110508225
1	737	1	1	1	1	2	47	18.2921894425331
1	738	1	1	1	1	3	47	16.8907133522341
1	738	1	1	1	1	4	47	18.1552034498699
1	739	1	1	1	1	5	47	17.2850234798496
1	739	1	1	1	1	6	47	18.9162432619655
1	740	1	1	1	1	7	47	15.8780079620965
1	740	1	1	1	1	8	47	17.7652190956225
1	741	1	1	1	1	9	47	19.2322170399017
1	741	1	1	1	1	10	47	16.5214851143484
1	742	1	1	1	1	11	47	15.4179720404799
1	742	1	1	1	1	12	47	15.1251894991265
1	743	1	1	1	1	13	47	15.1842104389085
1	743	1	1	1	1	14	47	13.8946389734564
1	744	1	1	1	1	15	47	12.2969242357667
1	744	1	1	1	1	16	47	13.5589132120601
1	745	1	1	1	1	17	47	16.0915059124817
1	745	1	1	1	1	18	47	14.8660291888804
1	746	1	1	1	1	19	47	16.6227181226386
1	746	1	1	1	1	20	47	16.9057598556937
1	747	1	1	1	1	21	47	17.5700585900369
1	747	1	1	1	1	22	47	16.469873143658
1	748	1	1	1	1	23	47	18.4775287622629
1	748	1	1	1	1	24	47	18.3234660988584
1	749	1	1	1	1	25	47	19.9310603377714
1	749	1	1	1	1	26	47	19.3428370416987
1	750	1	1	1	1	27	47	18.7688188159072
1	750	1	1	1	1	28	47	20.6129071034212
1	751	1	1	1	1	29	47	20.2261160284754
1	751	1	1	1	1	30	47	20.8713721753265
1	752	1	1	1	1	31	47	19.7976956891471
1	752	1	1	1	1	32	47	28.4731273316567
1	737	1	1	1	1	1	48	19.8360777913917
1	737	1	1	1	1	2	48	20.0002211751798
1	738	1	1	1	1	3	48	19.3871233144124
1	738	1	1	1	1	4	48	19.0477549786278
1	739	1	1	1	1	5	48	18.0965222536428
1	739	1	1	1	1	6	48	19.6999796698884
1	740	1	1	1	1	7	48	17.1972863802956
1	740	1	1	1	1	8	48	16.4503958713326
1	741	1	1	1	1	9	48	18.4589948539453
1	741	1	1	1	1	10	48	17.1747587831624
1	742	1	1	1	1	11	48	16.1969375749508
1	742	1	1	1	1	12	48	15.8619592684967
1	743	1	1	1	1	13	48	15.4262528860203
1	743	1	1	1	1	14	48	60.4636661336348
1	744	1	1	1	1	15	48	15.0209708582936
1	744	1	1	1	1	16	48	15.9402371631728
1	745	1	1	1	1	17	48	16.9942821073367
1	745	1	1	1	1	18	48	14.6528883353523
1	746	1	1	1	1	19	48	17.0859968864677
1	746	1	1	1	1	20	48	16.432381433802
1	747	1	1	1	1	21	48	17.9544502730763
1	747	1	1	1	1	22	48	17.3569590223976
1	748	1	1	1	1	23	48	18.0960752129013
1	748	1	1	1	1	24	48	17.9156803123041
1	749	1	1	1	1	25	48	21.3099051687195
1	749	1	1	1	1	26	48	19.5666196980344
1	750	1	1	1	1	27	48	19.7175534800237
1	750	1	1	1	1	28	48	21.0846874571538
1	751	1	1	1	1	29	48	20.3010807764816
1	751	1	1	1	1	30	48	20.9614121401598
1	752	1	1	1	1	31	48	22.1029406232094
1	752	1	1	1	1	32	48	28.2062875069396
